3 100
50 50
50 50
50 50
68.3451   26.6830
86.5653   71.3228
4.1271   45.4220
43.7676   51.6470
29.9765   69.0683
74.0390   11.6630
62.7520   46.1586
89.8943    4.4150
78.4450   59.6147
46.7527    9.8033
15.7159   77.8913
96.6072    8.2845
4.7649   91.4166
78.4111   76.4504
81.5681   44.2328
80.7904   44.2632
35.9361   69.5804
98.8348   63.5136
6.6936   28.4256
13.2193    6.9092
5.1859   61.1086
28.7408   76.2933
3.6484   50.3590
62.0800   95.2465
81.5777   50.7345
69.5710   94.1424
24.8183   64.5557
23.0759   99.1536
88.9779   25.1146
69.2249   71.0910
39.5913   74.8561
93.5436   38.6936
22.8120    7.9986
6.8459   70.3682
78.2339   27.8379
21.5711   14.6466
66.8026   47.6395
20.0323   51.4315
92.3518   20.9138
72.4730   94.4197
68.7949   18.8252
15.1390   75.6221
70.6838   11.7374
88.4229   90.0693
41.3118   18.8250
36.6056    8.8075
74.9857   26.3747
33.1601   89.3812
84.8847   39.6155
0.1790   68.8790
61.8077   78.7381
72.6145   61.5341
28.4699   15.1034
53.0662   81.0020
92.5095   45.6215
30.0467   25.1548
20.4249   99.4087
4.8690   30.7692
48.4631   91.7227
64.8974   30.8148
23.3317    5.2696
83.6904   11.6320
29.7053   48.6892
88.2988   67.1122
36.8988   98.8482
73.6705   99.4219
98.1668   98.2977
7.0570   63.1551
55.7234   60.0179
53.8942   19.0427
3.9793   71.9206
15.0148   11.7227
55.9946    8.2919
54.3385   82.2404
49.8844   22.7243
64.2583   84.4694
99.0205   10.7703
63.4456   99.8323
54.4986   88.8135
39.4952   64.1814
0.8295   64.6784
51.7313   89.2616
50.6977   86.0406
73.8973   90.4556
69.5891   81.5921
74.8516    3.5758
68.2201   20.6551
20.4276   40.6829
54.5869   68.4565
14.8919   59.3697
34.7703   23.0768
20.8658   34.9475
69.0524   16.2002
62.6028   28.3187
42.0431    8.0363
74.2724   49.5072
73.9395    2.6104
54.3475   11.5396
64.8092   12.6932
2.7686   96.6063