5 100
93.9210   26.1177
34.1815   47.1612
30.6995   77.1560
30.8286   94.4813
80.4040   27.1582
   22.5463   14.1444
   69.3843   84.2339
   62.1085   65.5493
   21.6893   11.4087
   65.2415   89.0567
   65.0384   60.1338
   24.2525   17.7812
   57.1802   59.3143
   42.8987   59.3299
   28.1588   17.6843
   18.1463   98.9634
   53.6701   61.9632
   97.1414   81.7269
   98.8362    3.6293
   29.5240   44.2849
   66.0567   93.1463
   57.5667   68.0749
   72.6882   15.7020
   39.4300   64.9385
   58.0409   27.0571
   47.7499   84.0221
   62.6696   16.6176
    2.1638   63.0377
   22.5343   24.6571
   60.5734    7.5696
   66.6136   12.1894
   26.5704   64.4180
   76.5243   73.3360
    8.6897   54.8060
   71.3210   10.1180
   15.5658   94.6421
   75.8324   34.6401
   70.8149   82.2449
   12.5200   62.4631
   88.2689   18.3398
   17.8007    3.7075
   82.1974   55.7055
   74.2746   13.0692
   33.0722   40.5297
   59.8468   97.2881
   61.0750   23.7774
   82.1899   17.5234
   13.9301   52.5067
   68.8520   91.1937
   32.1501    7.0002
    2.0240   53.8310
   69.5178    8.0901
   44.4522    5.8808
   79.6582   31.9646
   95.8941   16.2329
   37.3221   22.8715
   30.2872   17.9809
   10.6695   87.4625
   63.7863   97.7568
   90.3932    3.6727
   27.2489   79.5989
   75.5992   84.0104
   29.6357   46.5839
   44.6748   79.3985
   73.2774   90.6443
   38.0493   23.5448
   49.6035   72.5373
   61.9020   95.7760
   91.6386   32.9060
    5.8059   18.9211
   49.9507   16.3550
   59.6988   37.6835
   81.7365   75.6525
   98.5749   89.7457
   44.8910    3.8575
   77.1477   83.2140
   95.6221   56.9137
   83.6157   47.3100
   39.4715   67.7078
   20.6718   15.6022
   20.7858   25.8304
   22.6694   60.0976
   35.7853   55.1551
   23.0665   38.2299
   96.8928   53.1041
   81.6819   53.7120
   23.1034    3.6017
   89.9727   82.9166
   86.1650   24.2026
   41.7791   28.8534
   85.4129   93.9417
   19.8207   45.3034
   90.7594   53.8118
   38.0881   63.5817
   72.5264   38.5961
   25.5988   55.5099
   10.3630   37.2851
   57.2594   11.0500
   24.8628   53.5749
   60.4658    4.5370
   43.3322   67.5747
   20.3448   49.4992
   86.6237   35.7847
   19.0396    7.2969
   36.3091   52.4136