1	   81.4724   96.3089		1.6168
2	   90.5792   54.6806		2.9624
3	   12.6987   52.1136		8.8247
4	   91.3376   23.1594		4.728
5	   63.2359   48.8898		6.9509
6	    9.7540   62.4060		8.0514
7	   27.8498   67.9136		3.231
8	   54.6882   39.5515		5.9898
9	   95.7507   36.7437		3.0663
10	   96.4889   98.7982		1.0622
11	   15.7613    3.7739		7.8998
12	   97.0593   88.5168		1.1965
13	   95.7167   91.3287		4.5379
14	   48.5376   79.6184		3.2729
15	   80.0280    9.8712		2.838
16	   14.1886   26.1871		6.9605
17	   42.1761   33.5357		9.2327
18	   91.5736   67.9728		1.0621
19	   79.2207   13.6553		7.7178
20	   95.9492   72.1227		8.197
21	   65.5741   10.6762		9.1702
22	    3.5712   65.3757		9.7712
23	   84.9129   49.4174		2.0788
24	   93.3993   77.9052		5.6707
25	   67.8735   71.5037		8.3978
26	   75.7740   90.3721		6.7332
27	   74.3132   89.0923		9.5852
28	   39.2227   33.4163		9.5223
29	   65.5478   69.8746		9.6994
30	   17.1187   19.7810		1.6061
31	   70.6046    3.0541		4.9378
32	    3.1833   74.4074		3.8876
33	   27.6923   50.0022		2.2065
34	    4.6171   47.9922		2.2113
35	    9.7132   90.4722		8.2535
36	   82.3458   60.9867		5.7229
37	   69.4829   61.7666		9.4983
38	   31.7099   85.9442		9.8951
39	   95.0222   80.5489		4.689
40	    3.4446   57.6722		4.3407
41	   43.8744   18.2922		3.0417
42	   38.1558   23.9932		5.0143
43	   76.5517   88.6512		3.396
44	   79.5200    2.8674		5.1319
45	   18.6873   48.9901		4.8961
46	   48.9764   16.7927		3.3366
47	   44.5586   97.8681		2.2034
48	   64.6313   71.2694		4.7731
49	   70.9365   50.0472		5.5617
50	   75.4687   47.1088		3.9189
51	   27.6025    5.9619		7.1622
52	   67.9703   68.1972		4.9878
53	   65.5098    4.2431		4.921
54	   16.2612    7.1445		8.1372
55	   11.8998   52.1650		8.34
56	   49.8364    9.6730		7.769
57	   95.9744   81.8149		8.1033
58	   34.0386   81.7547		5.5114
59	   58.5268   72.2440		5.9966
60	   22.3812   14.9865		6.6767
61	   75.1267   65.9605		1.8819
62	   25.5095   51.8595		3.2111
63	   50.5957   97.2975		6.5415
64	   69.9077   64.8991		3.7446
65	   89.0903   80.0331		7.9027
66	   95.9291   45.3798		3.4051
67	   54.7216   43.2392		1.3556
68	   13.8624   82.5314		3.6691
69	   14.9294    8.3470		6.0073
70	   25.7508   13.3171		9.7217
71	   84.0717   17.3389		7.2021
72	   25.4282   39.0938		7.4609
73	   81.4285   83.1380		6.0313
74	   24.3525   80.3364		5.8002
75	   92.9264    6.0471		8.8815
76	   34.9984   39.9258		4.5379
77	   19.6595   52.6876		5.1226
78	   25.1084   41.6799		2.8742
79	   61.6045   65.6860		7.8155
80	   47.3289   62.7973		5.9202
81	   35.1660   29.1984		4.2165
82	   83.0829   43.1651		7.309
83	   58.5264    1.5487		1.983
84	   54.9724   98.4064		1.0595
85	   91.7194   16.7168		6.3757
86	   28.5839   10.6216		6.9326
87	   75.7200   37.2410		6.2201
88	   75.3729   19.8118		9.1896
89	   38.0446   48.9688		6.7241
90	   56.7822   33.9493		5.7301
91	    7.5854   95.1630		3.3366
92	    5.3950   92.0332		1.4605
93	   53.0798    5.2677		7.5876
94	   77.9167   73.7858		2.4786
95	   93.4011   26.9119		3.5236
96	   12.9906   42.2836		3.3348
97	   56.8824   54.7871		5.9239
98	   46.9391   94.2737		5.8714
99	    1.1902   41.7744		8.093
100	   33.7123   98.3052		8.8264
101	   16.2182   30.1455		8.0879
102	   79.4285   70.1099		9.7249
103	   31.1215   66.6339		2.6242
104	   52.8533   53.9126		9.3754
105	   16.5649   69.8106		1.4064
106	   60.1982   66.6528		3.1658
107	   26.2971   17.8132		1.0797
108	   65.4079   12.8014		7.0443
109	   68.9215   99.9080		9.1433
110	   74.8152   17.1121		6.1517
111	   45.0542    3.2601		2.3992
112	    8.3821   56.1200		5.5213
113	   22.8977   88.1867		6.1096
114	   91.3337   66.9175		2.6944
115	   15.2378   19.0433		3.9178
116	   82.5817   36.8917		7.4443
117	   53.8342   46.0726		5.9764
118	   99.6135   98.1638		2.2805
119	    7.8176   15.6405		4.4233
120	   44.2678   85.5523		4.5691
121	   10.6653   64.4765		6.1907
122	   96.1898   37.6272		1.1746
123	    0.4634   19.0924		6.1982
124	   77.4910   42.8253		9.3898
125	   81.7303   48.2022		1.9619
126	   86.8695   12.0612		7.5893
127	    8.4436   58.9507		9.7347
128	   39.9783   22.6188		6.48
129	   25.9870   38.4619		7.477
130	   80.0068   58.2986		3.7248
131	   43.1414   25.1806		5.1312
132	   91.0648   29.0441		1.4323
133	   18.1847   61.7091		4.4682
134	   26.3803   26.5281		4.2554
135	   14.5539   82.4376		3.5883
136	   13.6069   98.2663		8.3504
137	   86.9292   73.0249		5.0548
138	   57.9705   34.3877		8.2597
139	   54.9860   58.4069		8.1116
140	   14.4955   10.7769		3.5466
141	   85.3031   90.6308		1.6148
142	   62.2055   87.9654		1.4944
143	   35.0952   81.7761		6.7377
144	   51.3250   26.0728		4.8186
145	   40.1808   59.4356		9.1498
146	    7.5967    2.2513		4.7559
147	   23.9916   42.5259		2.3865
148	   12.3319   31.2719		5.86
149	   18.3908   16.1485		9.4338
150	   23.9953   17.8766		6.9486
151	   41.7267   42.2886		4.5519
152	    4.9654    9.4229		3.3309
153	   90.2716   59.8524		8.6312
154	   94.4787   47.0924		9.5055
155	   49.0864   69.5949		4.393
156	   48.9253   69.9888		1.6055
157	   33.7719   63.8531		2.6342
158	   90.0054    3.3604		6.1817
159	   36.9247    6.8806		2.673
160	   11.1203   31.9600		3.623
161	   78.0252   53.0864		5.155
162	   38.9739   65.4446		4.1228
163	   24.1691   40.7619		3.8635
164	   40.3912   81.9981		5.1392
165	    9.6455   71.8359		3.1231
166	   13.1973   96.8649		1.2498
167	   94.2051   53.1334		6.9261
168	   95.6135   32.5146		2.4292
169	   57.5209   10.5629		8.224
170	    5.9780   61.0959		4.6772
171	   23.4780   77.8802		3.9465
172	   35.3159   42.3453		7.7141
173	   82.1194    9.0823		7.7172
174	    1.5403   26.6471		2.5656
175	    4.3024   15.3657		2.0579
176	   16.8990   28.1005		2.5663
177	   64.9115   44.0085		6.6467
178	   73.1722   52.7143		8.577
179	   64.7746   45.7424		5.5907
180	   45.0924   87.5372		2.4919
181	   54.7009   51.8052		7.4287
182	   29.6321   94.3623		9.1633
183	   74.4693   63.7709		2.9668
184	   18.8955   95.7694		8.8387
185	   68.6775   24.0707		2.9065
186	   18.3511   67.6122		8.53
187	   36.8485   28.9065		8.7337
188	   62.5619   67.1808		5.7104
189	   78.0227   69.5140		5.2963
190	    8.1126    6.7993		9.0089
191	   92.9386   25.4790		1.5857
192	   77.5713   22.4040		5.5851
193	   48.6792   66.7833		6.5872
194	   43.5859   84.4392		7.6021
195	   44.6784   34.4462		3.07
196	   30.6349   78.0520		1.1968
197	   50.8509   67.5332		2.2509
198	   51.0772    0.6715		7.9256
199	   81.7628   60.2170		9.7279
200	   79.4831   38.6771		4.4811
201	   64.4318   91.5991		9.9409
202	   37.8609    0.1151		3.9375
203	   81.1580   46.2449		2.2344
204	   53.2826   42.4349		4.4628
205	   35.0727   46.0916		6.0637
206	   93.9002   77.0160		6.7045
207	   87.5943   32.2472		5.8745
208	   55.0156   78.4739		3.8349
209	   62.2475   47.1357		2.4339
210	   58.7045    3.5763		2.3735
211	   20.7742   17.5874		2.2326
212	   30.1246   72.1758		7.3882
213	   47.0923   47.3486		5.1838
214	   23.0488   15.2721		2.0194
215	   84.4309   34.1125		7.3079
216	   19.4764   60.7389		2.6199
217	   22.5922   19.1745		8.233
218	   17.0708   73.8427		5.6256
219	   22.7664   24.2850		5.9359
220	   43.5699   91.7424		2.8706
221	   31.1102   26.9062		8.0613
222	   92.3380   76.5500		5.7384
223	   43.0207   18.8662		6.1392
224	   18.4816   28.7498		4.7984
225	   90.4881    9.1113		7.4904
226	   97.9748   57.6209		1.6582
227	   43.8870   68.3363		6.3538
228	   11.1119   54.6593		8.7578
229	   25.8065   42.5729		5.0392
230	   40.8720   64.4443		6.8732
231	   59.4896   64.7618		3.7313
232	   26.2212   67.9017		6.467
233	   60.2843   63.5787		3.5101
234	   71.1216   94.5174		8.1961
235	   22.1747   20.8935		8.1655
236	   11.7418   70.9282		9.5868
237	   29.6676   23.6231		4.999
238	   31.8778   11.9396		5.1119
239	   42.4167   60.7304		6.3984
240	   50.7858   45.0138		8.5836
241	    8.5516   45.8725		1.2808
242	   26.2482   66.1945		2.6854
243	   80.1015   77.0286		9.4923
244	    2.9220   35.0218		9.5313
245	   92.8854   66.2010		5.0769
246	   73.0331   41.6159		8.2975
247	   48.8609   84.1929		9.3599
248	   57.8525   83.2917		7.0545
249	   23.7284   25.6441		4.351
250	   45.8849   61.3461		4.6513
