1	   38.7245    4.2298		2.8094
2	   14.2187   97.2958		1.3858
3	    2.5135   18.9207		6.7525
4	   42.1112   66.7120		3.2658
5	   18.4100   58.6440		4.779
6	   72.5775   67.5112		2.5465
7	   37.0363   36.1022		8.9601
8	   84.1560   62.0278		4.0691
9	   73.4230   81.1151		2.8461
10	   57.1026    1.9257		8.1585
11	   17.6855    8.3874		1.2202
12	   95.7384   97.4802		1.358
13	   26.5322   65.1350		5.7684
14	   92.4581   23.1238		9.4003
15	   22.3770   40.3491		6.4199
16	   37.3564   12.2021		6.4106
17	    8.7500   26.8439		6.7948
18	   64.0117   25.7846		9.2974
19	   18.0617   33.1665		2.9733
20	    4.5051   15.2234		8.9641
21	   72.3173   34.8008		1.4394
22	   34.7438   12.1658		8.3084
23	   66.0617   88.4153		1.2933
24	   38.3869    9.4278		4.7354
25	   62.7347   93.0041		6.352
26	    2.1650   39.9020		2.7712
27	   91.0570    4.7401		8.1648
28	   80.0559   34.2374		2.8989
29	   74.5847   73.5966		2.5697
30	   81.3113   79.4682		6.5246
31	   38.3306   54.4906		9.4695
32	   61.7279   68.6223		6.9541
33	   57.5495   89.3633		2.9341
34	   53.0052    5.4792		9.2223
35	   27.5070   30.3661		4.4218
36	   24.8629    4.6192		1.3148
37	   45.1639   19.5477		3.0461
38	   22.7713   72.0166		9.162
39	   80.4450   72.1753		8.8209
40	   98.6104   87.7799		6.2422
41	    2.9992   58.2433		6.0471
42	   53.5664    7.0684		1.0098
43	    8.7077   92.2745		2.1418
44	   80.2091   80.0372		2.9318
45	   98.9145   28.5947		8.4414
46	    6.6946   54.3663		4.4885
47	   93.9398   98.4776		3.8627
48	    1.8178   71.5678		3.356
49	   68.3839   83.8970		3.6687
50	   78.3736   43.3261		4.8536
51	   53.4138   47.0625		2.7317
52	   88.5359   56.0713		6.1073
53	   89.9005   26.9092		6.919
54	   62.5938   74.9018		7.1702
55	   13.7869   50.3888		4.1837
56	   21.7802   64.6810		9.6111
57	   18.2141   30.7746		3.1936
58	    4.1820   13.8725		7.7344
59	   10.6942   47.5573		4.512
60	   61.6443   36.2459		8.6028
61	   93.9661   78.8113		4.3479
62	   35.4456   78.0296		7.3685
63	   41.0629   66.8512		4.1109
64	   98.4349   13.3504		8.8944
65	   94.5579    2.1556		7.7548
66	   67.6645   55.9841		4.9098
67	   98.8302   30.0819		4.6059
68	   76.6831   93.9410		4.3564
69	   33.6699   98.0904		4.9893
70	   66.2382   28.6620		4.4228
71	   24.4165   80.0820		1.6544
72	   29.5507   89.6111		4.9625
73	   68.0178   59.7527		6.4587
74	   52.7847   88.4017		3.7431
75	   41.1594   94.3732		4.6598
76	   60.2638   54.9158		1.9091
77	   75.0520   72.8387		5.2919
78	   58.3533   57.6758		3.6317
79	   55.1793    2.5857		1.1465
80	   58.3571   44.6531		8.9597
81	   51.1820   64.6302		2.8928
82	    8.2593   52.1203		7.1528
83	   71.9570   37.2313		2.3895
84	   99.6156   93.7135		9.7688
85	   35.4534   82.9533		5.524
86	   97.1259   84.9085		9.0227
87	   34.6449   37.2534		7.5384
88	   88.6544   59.3185		5.4746
89	   45.4695   87.2553		6.4649
90	   41.3427   93.3502		4.1436
91	   21.7732   66.8464		5.7359
92	   12.5655   20.6776		8.1722
93	   30.8915   65.3851		3.4631
94	   72.6104    7.2052		3.6342
95	   78.2872   40.6727		4.1334
96	   69.3788   66.6932		8.8838
97	    0.9802   93.3726		1.8399
98	   84.3213   81.0950		2.8601
99	   92.2332   48.4548		3.7248
100	   77.0954   75.6749		4.1637
101	    4.2660   41.7047		7.5407
102	   37.8186   97.1786		8.9769
103	   70.4340   98.7975		1.4673
104	   72.9513   86.4148		1.707
105	   22.4277   38.8884		1.1304
106	   26.9055   45.4742		2.7401
107	   67.3031   24.6687		1.2366
108	   47.7492   78.4423		5.2189
109	   62.3716   88.2838		3.1904
110	   23.6445   91.3712		9.2793
111	   17.7124   55.8285		7.4425
112	   82.9643   59.8868		5.3978
113	   76.6922   14.8877		1.7027
114	   93.4478   89.9713		5.7706
115	   10.7889   45.0394		6.9945
116	   18.2228   20.5672		6.4694
117	    9.9095   89.9651		4.776
118	   48.9764   76.2586		1.9972
119	   19.3245   88.2486		8.3495
120	   89.5892   28.4950		3.2437
121	    9.9090   67.3226		5.5826
122	    4.4166   66.4280		8.2372
123	   55.7295   12.2815		5.5885
124	   77.2495   40.7318		3.7243
125	   31.1940   27.5287		8.7573
126	   17.8982   71.6670		1.5165
127	   33.8956   28.3384		7.5768
128	   21.0146   89.6199		9.1079
129	   51.0153   82.6579		5.1764
130	   90.6364   39.0027		5.2243
131	   62.8924   49.7903		2.3843
132	   10.1534   69.4805		9.6562
133	   39.0855   83.4369		8.8863
134	    5.4617   60.9630		5.3977
135	   50.1283   57.4737		4.6637
136	   43.1721   32.6042		2.1392
137	   99.7560   45.6425		9.3288
138	   81.1603   71.3796		1.0502
139	   48.5652   88.4405		2.6775
140	   89.4448   72.0856		3.9165
141	   13.7547    1.8613		1.4517
142	   39.0005   67.4776		2.3008
143	   92.7356   43.8509		7.5643
144	   91.7494   43.7820		5.3405
145	   71.3574   11.7037		4.0426
146	   61.8337   81.4682		3.1309
147	   34.3288   32.4855		5.0578
148	   93.6027   24.6228		2.6691
149	   12.4774   34.2713		3.9183
150	   73.0585   37.5692		3.3757
151	   64.6477   54.6554		8.4707
152	   83.3152   56.1920		7.2672
153	   39.8282   39.5822		4.0018
154	   74.9822   39.8131		6.2221
155	   83.5221   51.5367		3.5905
156	   32.2460   65.7531		3.3757
157	   55.2262   95.0915		3.3391
158	   97.9129   72.2349		7.0937
159	   54.9309   40.0080		5.6784
160	   33.0424   83.1871		1.6908
161	   61.9472   13.4338		1.5026
162	   36.0637    6.0467		3.3286
163	   75.6510    8.4247		4.9593
164	   41.3901   16.3898		3.5586
165	   49.2345   32.4220		7.1089
166	   69.4743   30.1727		9.5462
167	   97.2734    1.1681		7.9656
168	   32.7755   53.9905		6.7253
169	   83.7803    9.5373		7.7822
170	   73.9072   14.6515		7.7213
171	   95.4174   63.1141		6.2743
172	    3.1923   85.9320		7.9575
173	   35.6869   97.4222		4.5324
174	   66.2654   57.0838		6.4476
175	   28.1502   99.6850		3.2269
176	   23.0383   55.3542		3.6118
177	   71.1129   51.5458		1.174
178	   62.4573   33.0682		4.1258
179	   59.0609   43.0002		2.2762
180	   66.0438   49.1806		4.7038
181	    4.7555    7.1037		2.3776
182	   34.8785   88.7739		8.4611
183	   45.1341    6.4634		7.6528
184	   24.0905   43.6185		1.8898
185	   71.5045   82.6630		8.3857
186	   85.6182   39.4535		3.044
187	   28.1508   61.3475		1.9625
188	   73.1051   81.8641		6.965
189	   13.7763   88.6235		9.5912
190	   83.6723   93.1112		8.3311
191	   13.8602   19.0785		6.6093
192	   58.8209   25.8582		3.9544
193	   36.6157   89.7866		3.4963
194	   80.6760   59.3362		4.9094
195	   50.3781   50.3840		4.1527
196	   48.9594   61.2810		8.8998
197	   87.7049   81.9422		1.0554
198	   35.3142   53.1889		7.268
199	   44.9444   20.2075		4.0426
200	   96.3530   45.3893		3.7449
