1	   29.3556   24.7546		3.5793
2	   11.5207   44.7369		2.282
3	   37.5092   53.2783		3.2129
4	   82.8894   35.4651		7.2271
5	   84.1777   77.3115		1.6457
6	   66.5238   88.1681		5.4879
7	   96.0140   73.4092		9.874
8	   94.3118   40.6432		9.1441
9	   11.2699   60.4179		6.1769
10	   64.8287   64.1105		7.8987
11	   48.0804   12.7467		7.7209
12	    6.6521   49.6192		7.258
13	   89.7771   31.0469		7.0959
14	   49.7230   57.8574		3.5416
15	   77.1303   94.3609		6.2368
16	    6.0362   42.6940		6.5699
17	   26.2457    3.3128		8.3282
18	   65.1069   92.9434		1.1439
19	   13.3604   92.4982		2.9292
20	   63.8546   35.8307		9.8908
21	   38.4943   25.9989		8.356
22	   76.5698   78.6860		6.6887
23	   65.2916   51.1582		7.1393
24	   38.1489   56.2527		8.274
25	   30.0019   68.4794		3.517
26	   34.0140    9.2397		6.9847
27	   91.8927   87.2579		1.2639
28	   45.6267   94.2938		5.8994
29	   44.2497    9.6594		5.7607
30	   45.4186   84.5883		8.8585
31	   94.5282   90.9396		2.6885
32	   21.9119    1.1341		9.3831
33	   88.2403   52.3683		9.7872
34	    1.9875   65.0345		3.9808
35	   34.1765   38.5145		6.6134
36	   76.6027   64.9302		5.7435
37	   34.2804   76.2853		5.1317
38	   61.8806   57.5686		4.2271
39	   45.3021   63.1919		4.0084
40	    1.0163   27.8204		1.7488
41	   59.9081   83.9836		4.5136
42	   60.1568   42.6835		3.1541
43	   64.9417   63.1622		5.3764
44	   34.2721   83.3467		7.3008
45	   49.3299   27.0185		2.2354
46	   70.1774   40.0801		8.4382
47	   88.7803   55.4255		9.3705
48	    5.5058   44.3865		8.4586
49	    9.8362    9.0384		5.3646
50	   64.9783   74.4381		6.9379
51	   76.4071    3.2615		5.1076
52	   98.7959   42.9743		4.7662
53	   12.5325    3.7262		1.3087
54	   36.4477   97.5798		9.3416
55	   67.6230   52.2340		1.3904
56	   37.5758   90.9630		5.2845
57	   86.3458   38.3248		4.4717
58	   29.1977   88.4452		5.8065
59	   13.3475   25.5018		9.9835
60	   67.2651   90.9050		9.1223
61	   20.2585   89.4560		1.1328
62	   86.8515   39.8517		8.0246
63	   75.1157   62.5020		5.3676
64	   41.9380   56.7597		4.512
65	    0.0231   89.4512		8.4078
66	   14.9464   21.4166		8.8698
67	   27.3834    0.3859		9.9852
68	   87.2425   88.0581		2.7609
69	   60.1251   23.5122		8.8297
70	   32.1188   24.4865		3.7674
71	   28.4293   64.0917		4.7011
72	   43.5316   30.4524		8.3471
73	   90.3759   82.5621		4.3143
74	   92.5106   88.3689		4.8359
75	   50.5292   94.5373		1.821
76	   62.7582   39.0795		7.0075
77	   71.9264   80.1320		7.5818
78	    2.3913   15.7113		3.7074
79	   57.4933   62.5165		4.042
80	    4.6534   69.8985		7.6089
81	   42.2531    8.5869		9.8691
82	   46.7734   53.1180		7.2889
83	    2.2628   88.8567		1.8094
84	    6.5074   26.3666		5.2366
85	   92.3956   23.4786		6.7183
86	   53.4143   83.9657		5.7274
87	   36.6796   49.5540		2.2721
88	   36.3946   15.2366		3.4796
89	   15.1374   23.0768		9.8839
90	   14.9609   65.7954		8.155
91	   35.0802   56.2948		9.4
92	   33.5966   29.1829		4.1354
93	   78.4028   62.2305		2.8822
94	   48.6739   71.5905		7.1233
95	   46.4798   28.0731		4.1988
96	   13.1253   41.2273		4.9454
97	   88.6391   36.2206		9.179
98	   67.4557   78.1392		8.5023
99	   83.5160   13.5487		4.5225
100	   65.6488   90.2070		7.6058
101	   98.3917   28.9636		3.6159
102	   97.9790   49.9558		3.6292
103	   25.0153   78.3590		3.6712
104	   62.4571   67.7062		1.2236
105	   72.8242   14.9812		9.2606
106	   49.8170   69.6619		7.1743
107	   84.9828   12.9013		3.1085
108	   19.0918   94.5946		5.4762
109	   12.4144   88.6412		8.1152
110	    0.2790   51.5005		4.4221
111	   15.2953   67.9409		2.9673
112	   53.4161   97.6793		7.504
113	   51.0634   12.5460		7.9555
114	   38.5216   75.2243		7.2395
115	   31.0596   82.7052		6.5771
116	    0.3555   78.1430		7.8607
117	   81.5242   19.0883		5.6033
118	   63.8418   42.8641		3.9646
119	   44.8339    1.4457		1.0121
120	   24.4086   32.5285		6.2258
121	   80.3385   13.4702		2.5465
122	   82.3971   45.0517		2.7542
123	   85.2191   57.2275		2.3529
124	   46.7252   79.2023		5.5488
125	   97.0699   41.9737		1.1565
126	   84.1244   53.2537		5.2409
127	    7.8548   92.5704		1.4147
128	   23.7599   89.9082		4.9804
129	   81.7571   54.4833		2.472
130	   40.5829   90.1124		6.1489
131	   46.6312    5.1827		8.3649
132	   95.1536   80.8603		1.7681
133	   96.5005   33.4905		3.0955
134	   76.5285   22.8683		3.2144
135	   57.4534   82.2402		4.1674
136	   91.5925   34.8235		4.6818
137	   49.5432   16.5471		2.0282
138	   16.6012    2.8134		4.6649
139	   32.5998   95.5370		7.0834
140	   29.6436   68.0291		5.8872
141	   55.8298   86.0562		4.2142
142	    6.7477   93.9094		6.9543
143	    6.8978   68.0194		7.1083
144	   16.6785   91.7424		2.184
145	   94.7438   25.6692		4.9566
146	   81.1088   88.5618		9.4348
147	   71.0456   92.0043		6.132
148	   97.0246   30.0063		6.1988
149	   99.8427    7.3391		7.8814
150	   98.7455   76.7399		3.2226
151	   15.0087    8.4952		7.2447
152	   95.8479   72.8764		3.6538
153	   53.0459   44.7890		6.1363
154	    7.4087   65.1249		6.7132
155	   31.1821   16.9502		4.59
156	   89.5171   53.1449		3.24
157	   83.4768   63.3801		9.418
158	    0.2349    1.4096		5.0401
159	   64.0210   47.0371		5.7861
160	   80.3183   88.6326		6.7135
161	   24.5131   11.4028		7.0131
162	    6.4122   44.2541		4.9511
163	   26.3148   65.9548		2.5569
164	   10.2720   29.4773		7.2495
165	   48.3719   95.0368		9.3243
166	   41.8884   69.4286		4.3355
167	   38.1289   20.6807		6.7491
168	   88.6765   55.4762		9.0071
169	   42.0558   87.9278		5.3465
170	   28.3848   55.7858		6.6684
171	    4.8181   75.2334		5.1852
172	   21.9166   89.4901		1.9826
173	   23.9176   84.1844		2.018
174	    2.9258   13.0857		1.971
175	   70.2311   18.9154		5.0116
176	    0.7636   15.3640		9.4496
177	   61.0921    2.8902		6.7043
178	   40.8090    0.9085		9.367
179	   24.8947   59.6452		1.5659
180	   65.2460   60.9049		3.7625
181	   32.0277   91.8923		9.5479
182	   10.3672   73.3574		1.0933
183	   53.5565   30.1147		2.5104
184	   16.4870   49.5574		7.7975
185	   88.3439   25.8163		8.5044
186	   66.6457   73.2854		6.4527
187	   84.7742   11.6761		5.6613
188	   76.2661   74.6042		9.4857
189	   80.7014   80.9789		7.6709
190	   63.2952   74.5234		7.3097
191	   71.0427   33.7143		7.7025
192	   68.8664   58.4325		8.8644
193	   32.0948   46.8952		9.6771
194	   53.1648    8.7265		9.8373
195	   87.3194   82.8717		9.2677
196	    5.4540   68.5945		3.5513
197	   50.0401   26.7325		1.5276
198	   43.2763   96.9484		8.389
199	   90.4282   18.3774		2.6157
200	   63.0183   29.9941		1.3144
201	   98.3036   41.1185		7.9419
202	   58.5200   23.6489		5.8647
203	   84.0637   19.5055		3.9839
204	   46.8814   70.5379		6.2039
205	   54.5222   18.0548		8.6906
206	   17.9104   52.2333		6.7814
207	   63.4462   29.6172		4.7809
208	   96.2959   46.2782		5.9132
209	   53.4014   92.5232		2.6407
210	   47.9614   21.5889		3.1265
211	   79.3666    0.1009		2.8487
212	    9.2714   90.6606		3.3372
213	   88.0800   68.0042		9.4837
214	    0.3874   51.4952		6.7741
215	   51.1529   52.2069		8.4616
216	   67.8464   10.2919		4.4989
217	   56.5748   99.6880		2.5157
218	   47.8459   35.8969		7.6611
219	   32.0513   62.5243		8.8552
220	   60.1580   39.3367		4.1997
221	   91.3153    0.7662		2.6095
222	   68.2518   54.5285		9.9678
223	   94.6733   50.9110		9.6321
224	    9.9089   24.6779		2.404
225	   51.1029    4.5395		9.3604
226	   11.0128   84.1730		4.8212
227	   54.5262    4.8250		3.0078
228	   68.8786   31.6320		2.2276
229	   14.7417   78.3419		3.3416
230	   77.7561   97.2400		5.9002
231	   39.9051   58.6464		1.7399
232	   89.8300   77.8044		6.3831
233	   30.7044   72.7697		1.2627
234	    6.1051   65.0987		5.0942
235	   21.9471   66.4615		3.9925
236	    8.2833   93.8780		9.4931
237	   95.0395   53.5081		3.7279
238	    1.6371   39.8440		4.854
239	   11.4668   67.0458		6.9493
240	    1.2410   44.0534		4.4298
241	   21.6227   13.2874		2.2255
242	    1.1428   43.9204		1.8696
243	   64.2449   54.7643		3.7465
244	   51.6991   39.5136		8.415
245	   24.5542   39.8272		6.6453
246	   19.3747   75.1349		2.8534
247	    9.0871   52.2350		9.8217
248	   36.8442   49.0433		4.94
249	    0.7793    8.8679		8.5168
250	   60.2701   25.0852		5.8526
251	   47.8855   44.7559		1.2261
252	   30.8118   63.7961		1.0614
253	   74.4444   70.9445		8.0748
254	   83.9349   99.2620		5.0265
255	   26.2432   93.2195		3.5986
256	   51.4238    9.2229		8.7686
257	   44.6774   95.3540		6.9061
258	   34.1211   16.2796		3.5622
259	   83.9142   97.0455		6.8011
260	   98.2493   59.7007		3.3722
261	   62.6465   24.0227		2.573
262	   18.1275    7.0295		4.3176
263	   12.3017   30.0041		5.8379
264	   57.9969   81.3545		9.3377
265	   32.8536    7.6710		7.7421
266	   26.8186   35.4473		2.3296
267	   55.0239   13.2011		1.026
268	   18.0517   15.8180		2.1431
269	   67.8492    6.2147		9.2523
270	    5.5688   70.1843		7.0491
271	    3.4057    8.6482		2.0241
272	   28.6518   61.6787		9.642
273	    7.7390   17.3772		2.0744
274	   90.0572   65.1401		5.4317
275	   84.6606   49.8696		4.2518
276	   39.5698   28.4511		5.23
277	   16.9215   83.0560		1.529
278	   43.0452   81.8360		3.9701
279	   41.6218   93.8169		3.3807
280	   72.8763    0.0326		3.2133
281	   40.6474   64.0389		9.5291
282	   95.1807    0.7356		1.292
283	   91.1985   10.6421		9.1554
284	   95.1414   10.6794		4.3165
285	   34.6001   36.7109		6.9629
286	   29.0244   23.9608		9.5826
287	   88.6701   34.6140		1.8472
288	   21.0031   24.9620		7.1678
289	   13.0877   38.7064		4.712
290	   52.0516   42.1038		2.0061
291	   90.5463   64.0077		5.4265
292	   40.2530   78.7553		5.154
293	   21.5761   26.9994		8.8935
294	    7.8739   84.3982		6.9422
295	   93.3060   74.0468		3.5017
296	   60.2872   82.6102		6.9145
297	   37.7492   18.2192		6.8087
298	   66.4931    6.5436		9.075
299	   79.2190   61.0350		8.941
300	   33.3492   70.1553		4.0166
301	   69.2659   11.1618		4.843
302	   20.3816    9.5824		8.2339
303	   95.8714   59.7834		9.3078
304	   71.1832   81.2233		8.8005
305	   16.6907   81.4578		5.4969
306	   44.2777    8.9437		6.2603
307	   63.2994   73.1279		9.3228
308	   92.9967   90.3857		2.4951
309	   52.9331   45.2232		4.3692
310	   62.6474    7.0688		3.3347
311	   68.0819   24.1278		8.4743
312	   92.3198   73.1865		1.6316
313	   15.2834    4.0492		3.5293
314	   40.5721   42.4523		5.9954
315	   31.2476   54.0215		6.5707
316	   69.3899   95.3828		4.6881
317	   89.0688   20.8906		3.3259
318	   49.0671   11.6332		4.7507
319	   80.5824   64.6220		4.4385
320	   32.6439   10.8411		1.867
321	   54.9879   98.3497		2.1816
322	   38.8784   24.8344		6.4891
323	   89.6829   60.6356		6.9057
324	   67.6120   81.6695		8.569
325	   82.8397   83.0054		5.4984
326	   11.0089   48.9039		3.7648
327	   27.9227   76.0728		2.5279
328	   76.7636   91.5108		1.4389
329	   21.6057   90.0975		3.0324
330	    3.4062   21.4238		4.3027
331	   43.6552   54.7061		6.1106
332	   93.6864   78.4709		6.1274
333	   26.2089   19.4441		8.009
334	   56.9745   74.6889		6.3122
335	   35.9553   47.5558		1.996
336	    2.6839   58.3259		6.7661
337	   50.0419   26.0548		1.6482
338	   82.7015    8.4822		4.2926
339	   25.8982   29.8133		3.5857
340	    4.5885   91.7129		7.6729
341	   24.6472   47.0518		1.6029
342	   66.0732   26.9468		7.8145
343	   32.9410   76.2970		3.1664
344	   65.9496   77.2172		3.0782
345	    1.3004    2.1300		1.1079
346	   71.8068   87.9986		2.1923
347	   39.1119   79.8170		2.8845
348	    3.3505   32.4165		2.9276
349	   40.6015   66.9044		9.1521
350	   71.6308   29.6294		3.5
351	   92.1336   92.9952		1.8739
352	   98.4016   28.1960		8.0454
353	   98.3421   16.8880		7.0077
354	   89.6306   74.5167		6.5141
355	   86.5703   47.7134		4.0941
356	   80.0961   65.3445		7.2131
357	   55.4979   96.6576		3.102
358	   41.8872   31.3027		3.7723
359	   12.7123    7.6439		4.2157
360	   65.4621   79.1415		2.9503
361	   86.3965   36.5384		7.0955
362	   27.4598   58.5099		7.6241
363	   84.0164   18.3337		1.0902
364	    7.0755    7.6919		4.2032
365	   37.8792   15.3663		3.1596
366	   26.8169   82.6876		9.3485
367	   15.2921   30.0957		7.8669
368	   63.1000   38.3884		4.4145
369	   31.6375   65.0749		7.1736
370	   95.9112   81.7371		7.2899
371	   49.8674   76.6266		6.3136
372	   73.8609   37.4176		9.6585
373	    1.2756   18.9862		8.0321
374	   60.5353   64.6502		5.8458
375	   57.6451    0.3605		1.8472
376	   80.7379   28.2888		8.9741
377	   65.4968   63.8601		3.3175
378	   87.8228   59.2075		5.1716
379	   90.2373   32.5289		3.9772
380	   15.2233   98.8951		7.811
381	   19.2580   12.3236		8.2256
382	   79.0976   73.5877		8.2281
383	    6.0705   15.6617		8.8897
384	   38.9827   43.4647		1.7873
385	   29.9966   83.2243		7.0112
386	   73.4180   35.9910		5.5218
387	   10.4209    7.6238		4.0201
388	   79.2575   55.6926		6.2971
389	   78.2729   27.3930		4.1674
390	   53.2398   13.2055		2.8605
391	   25.3352   69.9655		3.3594
392	    7.0955   48.5905		1.8878
393	   62.5803   18.2716		2.3506
394	    2.4681   10.1215		3.8892
395	    6.2042   20.1584		6.3495
396	   12.9612   13.4746		2.3836
397	   45.0614   32.3789		1.5636
398	   67.2336   95.0545		1.07
399	   85.6111   53.2131		7.9683
400	   49.8445   24.7686		7.1384
401	    4.8785   43.7276		2.0845
402	   31.3832   66.9088		7.4733
403	   64.1631   54.7696		2.4567
404	   78.6387   60.9054		2.0814
405	   28.9150   86.3135		7.1304
406	   49.7868   38.0696		2.3034
407	   81.8435   74.8956		1.5204
408	   59.5128   15.6697		2.2145
409	   53.6425    5.8124		1.133
410	   33.0873   33.9707		2.7021
411	   41.1690   81.7176		1.6378
412	   79.4006   37.7548		1.3407
413	   34.3208   97.2605		3.7708
414	   46.2607   60.5319		5.6416
415	   36.7824   33.8236		4.5416
416	   67.9571   92.7984		9.9568
417	   56.7779   89.8425		4.9564
418	   65.1777   85.0706		2.363
419	   49.1114   25.6792		8.0025
420	   39.8458   28.5496		7.6706
421	   47.7484   77.9947		1.7888
422	    6.6588   70.1395		5.2338
423	   41.1028   49.2512		3.6355
424	   96.9092   96.7668		4.6617
425	   78.0721   47.6161		4.8721
426	   72.9018   99.4906		8.8414
427	   76.5651   49.0579		7.3653
428	   75.6581   50.3453		1.1287
429	   84.3270   76.8773		1.2213
430	   77.0157   38.8084		3.1329
431	   97.8661   45.3259		6.3844
432	   11.1359   13.2854		9.3358
433	   39.6077   75.8506		4.0097
434	   49.2061   56.5237		4.9873
435	   25.8095   64.8637		1.8922
436	    3.6966   79.8058		7.4364
437	   97.4381   22.0448		7.4947
438	   72.6426   85.7891		8.0422
439	   14.7965   90.4729		9.4784
440	   14.7895   29.2020		1.4281
441	   70.4824   72.5870		8.2032
442	   38.0994   33.9446		5.2011
443	    7.6411   27.2681		3.5123
444	   41.0840   17.0275		1.4025
445	   14.2991   66.4018		8.088
446	   79.8920   53.5852		9.0921
447	   93.0248   82.9109		7.9812
448	    0.4719   26.7362		8.5371
449	   65.0041   17.6156		4.0998
450	   67.8532   43.1186		2.7207
451	   25.3623   47.5655		4.406
452	   84.3181   78.5221		3.307
453	   29.3959   13.0652		1.1932
454	    2.6860    5.1356		3.6395
455	    9.3307   62.7506		3.1638
456	   79.7885    2.9088		2.8233
457	   71.1403   13.6195		4.134
458	   78.3407   69.4556		5.8343
459	   62.3923   51.5679		2.1188
460	   82.5415   54.2582		2.7346
461	    3.5023   80.8484		5.3976
462	   40.5475   79.3686		4.6631
463	   24.9669   50.1867		7.6143
464	   48.0897   27.6632		3.6991
465	   88.0839   11.9665		8.2642
466	   28.0685   88.6598		9.223
467	   59.9143   97.0289		7.886
468	    2.6226   94.2526		4.0079
469	   15.5199   63.8128		7.474
470	   83.3911    9.0590		1.3023
471	   19.4893    7.4708		6.5406
472	   82.9788   18.2451		2.0097
473	   33.8075    3.1688		1.4554
474	   67.1117   72.4936		1.4969
475	    5.2366   14.4159		1.236
476	   73.4309   63.5927		9.5989
477	   49.9482   78.9848		5.7269
478	   94.3300   56.6253		7.8063
479	   28.9772   37.7414		6.3084
480	   37.6560   82.1586		7.6502
481	   11.3755   30.4881		3.8748
482	   96.4851   31.9373		8.6332
483	   43.2512   78.4980		5.4428
484	    8.4563   50.3736		2.0335
485	   71.6676   26.0997		8.3105
486	   50.6787   73.2476		7.0015
487	   32.8088   16.2950		4.436
488	   75.3524   92.1075		7.4693
489	   83.6006   22.2223		4.7677
490	   25.3716    8.3609		1.5034
491	   53.4425    7.3702		6.265
492	   43.5165   76.9552		3.6894
493	   15.7704   81.7677		4.6861
494	   60.0481   74.0426		6.2748
495	   93.7451   75.8249		3.8406
496	   10.7759   96.1195		2.3262
497	   89.9981   46.6425		9.9238
498	   55.0465   78.6996		1.9674
499	   42.7357   42.2568		4.0083
500	   15.2381   94.3730		1.3416
