1	   28.3119   10.2175		5.5352
2	    1.9369   38.5861		5.7783
3	   28.4609   13.5457		4.4121
4	   25.1899   57.2641		7.9202
5	   26.2727   18.3687		3.5426
6	   59.3718    0.0334		6.8435
7	   83.6215    2.2595		9.2997
8	   86.9774   51.3452		3.976
9	    1.2457   10.0833		8.321
10	   58.8032   41.2004		8.0887
11	    1.9156    0.0171		2.1189
12	    8.3097   83.9081		2.4165
13	    1.6177   56.2041		4.735
14	    0.3844    3.5590		7.186
15	   74.0135   83.8281		6.9193
16	   36.7357   21.9723		7.1198
17	    0.0378    3.9751		1.0845
18	   12.6171    6.8213		2.1575
19	    1.0731   73.6742		7.8752
20	   26.8085   31.5963		8.5772
21	   97.2012   42.2006		7.7225
22	   14.2219   27.1965		9.5007
23	   59.1214   17.0236		9.2774
24	   22.3319   72.9648		3.0077
25	    7.5629    0.8962		5.5879
26	   15.4122   12.9460		8.0897
27	   16.9442   70.0670		5.7021
28	   32.0996   18.8434		6.5565
29	   57.1275    0.4676		6.0242
30	   32.6086    4.7045		7.5789
31	   97.9749    9.8793		1.5706
32	   15.3021   28.4922		5.4351
33	    0.1766   54.7129		3.0693
34	   81.8217   18.5530		4.0365
35	   93.0086   56.4346		5.9647
36	    1.2942   46.3350		7.6932
37	   56.7097    0.7956		4.7107
38	   98.2249    1.3174		5.5686
39	    3.4255    4.2194		2.1608
40	   73.8741    0.5504		2.9335
41	    1.4432   67.4304		3.6355
42	   81.8343   23.2767		5.0497
43	   41.9178   13.9125		3.1625
44	   16.5307    0.7537		3.3694
45	   17.2074   11.2917		9.0242
46	   11.0435   37.3085		6.2753
47	   12.3885    6.7596		9.4481
48	   32.1071    3.3257		6.5627
49	   74.0015   15.9724		3.2565
50	    6.1539   83.7230		1.9228
51	   57.4887    0.6028		5.9173
52	   12.2179   89.5677		4.9838
53	    2.0342   22.3705		7.2236
54	   83.8377   77.6420		7.835
55	    0.0779   38.4223		4.5948
56	   93.8070    3.5032		6.1067
57	    2.7092   57.1391		2.8503
58	    2.6990    1.3358		9.4918
59	   90.2771    8.2572		5.6153
60	   20.6219   38.6699		3.4862
61	    0.3230   56.4122		3.0623
62	   46.0399   55.8228		9.5764
63	    3.7455    5.4176		7.2048
64	   15.8883   90.2762		7.3709
65	    4.4260    9.9043		6.9123
66	    4.0327   14.4189		8.0107
67	   90.3327    6.4169		6.2242
68	   51.3804    0.0517		5.5291
69	   12.0092   37.9563		8.9086
70	   26.0452   54.7296		4.5365
71	    0.0737    1.5014		3.1837
72	    6.3257    3.7599		3.5346
73	   18.6761   29.0390		9.1429
74	   49.1451   82.6351		7.3241
75	   55.3373   18.9862		8.6775
76	    1.2868   66.0347		4.4082
77	   30.6029   21.9315		6.6972
78	    3.3861   41.5982		1.284
79	   81.2996   46.9522		9.2803
80	    1.9714    7.4670		5.2277
81	   94.5505   23.4476		5.6791
82	    1.0169    4.3830		7.8968
83	    1.0013   63.2832		4.0259
84	   22.6475   10.3616		6.6339
85	   77.4049   89.7784		3.9421
86	   67.6023    3.9532		3.8
87	    8.6373   10.3318		6.8147
88	    2.8440    0.2915		4.9032
89	   93.1546   82.5267		1.926
90	    5.8642    0.8384		3.1254
91	    0.1839   24.0146		9.746
92	   43.1819   14.8299		7.2901
93	   13.0868   46.7759		6.9351
94	   43.1641   85.1029		3.9349
95	   61.3917    2.2316		1.1784
96	    4.5710   73.1834		6.1343
97	    7.6679   39.6288		1.327
98	   52.0073   14.2588		3.3827
99	   17.4364    0.0006		2.7159
100	   33.5234   23.2957		5.0437
101	   82.4339    0.0090		7.9179
102	   95.2523   59.8249		6.6514
103	   25.8933   36.2398		3.8323
104	   52.0898    9.2071		3.6284
105	   43.5921   87.4897		1.7041
106	   50.7871    6.3675		2.5475
107	   68.7401   33.5936		7.4915
108	   36.0885    3.5601		1.805
109	    9.1416   38.4890		9.2603
110	   63.4131   46.3669		4.8671
111	   11.1338    0.0195		1.7175
112	   31.0175    7.9422		6.1493
113	   32.1154   34.4354		8.486
114	   68.0230   81.2467		4.1263
115	   65.0923    7.0459		8.019
116	   14.7133   13.1547		7.3751
117	   53.4345   85.7769		6.3185
118	   19.3884   77.3506		4.3929
119	    0.3049    0.0339		4.5444
120	    8.1526   25.3211		4.8548
121	   10.2900   95.5675		4.8072
122	    0.1650   89.5235		2.9703
123	    5.0475   73.8098		5.4709
124	   15.3878    1.1348		1.3588
125	    0.2704   28.5348		6.0833
126	   88.4274   19.2847		1.4423
127	   53.4782   25.5574		8.8505
128	    0.0177   86.9024		8.7402
129	    5.1890    1.0476		4.0443
130	   27.5253   50.6139		9.7663
131	   10.1825   53.4293		9.593
132	   33.9965   16.4678		9.8976
133	   38.4215   27.4703		2.4195
134	   61.8943   39.9031		1.0263
135	   38.0766   11.8604		3.2336
136	   94.1545    0.3819		4.1166
137	   27.8445   14.4077		3.1
138	   44.4392   51.4318		7.803
139	    0.0583   63.1737		3.0333
140	   19.7630   31.4571		5.036
141	    2.3623   94.6242		3.335
142	   35.0389    1.5330		4.1122
143	   28.9424   15.2028		9.1266
144	    3.0169   63.4265		1.1143
145	    0.0077   23.0480		2.19
146	   22.6626   89.5248		4.4926
147	    0.5560    1.8992		8.5656
148	    6.8110   31.0322		2.9194
149	   18.7117   20.4296		9.4171
150	    0.0975   18.7610		9.7282
151	    3.0800   10.2147		4.3773
152	    0.1631   39.5165		9.8638
153	   12.5071   84.9662		2.0988
154	   38.4929   29.5555		7.8486
155	   27.3974   90.6601		6.2143
156	    0.7763    6.8509		6.5904
157	   97.0513   92.5441		5.4091
158	   71.1165    0.2094		2.9841
159	   27.9241    6.6372		2.2972
160	   20.8857    0.3913		6.7166
161	   88.4181   23.6815		8.2217
162	   11.6943   57.6226		7.0268
163	    1.2180   54.7651		5.2444
164	   79.2754    5.8093		9.5003
165	   31.6099    0.0044		6.3233
166	   51.8069   41.3827		3.0407
167	    0.0218    6.1079		7.1546
168	   15.3070   79.2014		3.8858
169	   55.6890   16.2373		7.7403
170	   75.2357   32.4222		9.9833
171	   20.7021    7.2513		3.4276
172	    2.9651   54.5861		9.3868
173	    2.6567   81.9373		7.2675
174	    2.7773   30.1441		1.8573
175	   63.4069   12.9546		3.2128
176	   20.7555   75.3357		9.4119
177	    1.5639   29.9403		5.3181
178	   77.2641   12.0965		8.9427
179	    2.0635    2.9930		8.0137
180	    1.0045   47.8758		1.1646
181	   61.1735   35.7169		7.9369
182	   85.1968    1.3402		7.1722
183	   27.6450    8.9653		8.809
184	    2.7216   57.4758		6.2246
185	   28.1543    5.7681		6.6349
186	   34.3666   50.2786		2.0003
187	   24.7261   52.2095		2.9232
188	   76.4855   98.7822		1.3273
189	   75.2929   39.0986		5.0009
190	    1.6777   31.7045		3.9392
191	   15.7649   48.4001		3.5856
192	   53.9782   50.2879		5.4681
193	    1.8278   57.3782		2.6353
194	   88.7158    0.4009		9.4041
195	   29.4031    1.9547		9.4616
196	    7.7167   36.3334		6.3232
197	   43.6922   27.1004		1.0073
198	   35.8538   18.9228		9.1271
199	   22.3748   26.0488		7.146
200	    1.1186   53.3175		1.6647
201	    4.9124    0.0105		9.9675
202	   86.6077   66.6385		3.8301
203	   52.0152    1.9139		8.283
204	   38.5182   93.5800		5.1531
205	    1.8314   44.6280		6.2843
206	   33.6446    6.3128		5.2984
207	   57.7786   12.6475		5.9721
208	   16.1882   69.0166		2.5778
209	   27.1020    0.2284		6.2852
210	    1.0293   20.8602		2.3932
211	    0.4263   56.0382		5.0091
212	    3.3165   17.7601		5.8386
213	    8.4734    0.7144		5.1571
214	    6.5936    1.0900		8.507
215	    1.0058   26.7799		9.9656
216	   87.3777   31.0539		9.7502
217	   44.1014   47.3681		7.7134
218	   99.1349   89.2432		2.7996
219	    2.9551    6.0618		1.327
220	   24.2620   75.3515		2.6974
221	   40.1750   41.4836		6.1979
222	   59.8086   36.4972		6.6545
223	   21.6382    1.3105		4.283
224	   50.4832   95.7972		6.729
225	   86.7933    2.4311		9.0216
226	   83.7279   50.6843		3.2817
227	   86.7991   56.1986		3.5772
228	   34.8317   26.1755		2.1288
229	   76.8460    7.3421		5.7572
230	   31.0231   63.5821		8.3869
231	    1.0213   61.4223		3.698
232	   41.7783    0.0560		8.0891
233	   77.4087   16.5457		4.9331
234	   18.5665   48.3854		5.9549
235	    1.5617    0.1043		9.875
236	   42.4355    1.0822		7.208
237	   91.7915   65.6059		9.7312
238	   73.5581   99.6405		1.8637
239	   85.2681    8.3080		9.0828
240	    6.7326    1.7496		1.526
241	   29.5365   77.7381		2.1099
242	   11.0059   92.3477		6.6765
243	    9.0453   16.1448		4.3309
244	   18.3735   15.6568		3.8762
245	   13.7869   23.3838		8.1612
246	    1.4942   98.5042		3.7153
247	   11.4006    9.6762		6.4672
248	    1.5522    0.2914		5.1578
249	   28.3538    1.5993		3.6333
250	   73.7304   78.6279		8.4918
251	   86.8373   41.6581		6.1347
252	    8.1657   57.4660		1.6346
253	   47.8883   19.3307		3.3968
254	   10.8133   14.9980		2.5379
255	   12.0811   48.8868		6.0428
256	   21.9915    4.0747		2.8188
257	    8.1164    4.1762		5.4313
258	   24.5213    4.7921		7.5643
259	   26.2145   42.1073		9.595
260	   25.2166   89.4353		7.8613
261	    0.4099    8.4853		1.7206
262	   37.2977    0.0050		9.4442
263	   77.9433   70.1446		9.7703
264	   57.6956   78.5765		6.464
265	    9.9283    0.7591		9.6175
266	    2.5839   26.8679		3.9759
267	    0.0891    2.1961		9.1109
268	   61.5959    3.6133		1.0033
269	    5.7435   66.1360		5.3495
270	   17.2970   56.6708		2.3273
271	   35.6467   89.4559		3.8349
272	   24.0060   15.2911		2.5424
273	   25.4375    4.9625		6.3362
274	   12.1544   23.9058		6.9185
275	    6.5687   94.5270		4.1407
276	   48.7269    0.0092		1.4832
277	   82.8806   24.9061		1.4245
278	    3.0288   44.6227		1.5027
279	   37.2604   68.2469		1.6436
280	    5.0488   14.0148		1.1411
281	   67.3435   18.0510		9.7631
282	   79.3237    6.2008		7.6132
283	    0.8995   71.6530		7.7715
284	    1.5289   41.3723		1.2998
285	    0.0000   73.2820		2.0585
286	    1.8427    2.2318		3.3517
287	   92.7605   43.8416		9.0402
288	   20.7314   52.5340		9.7486
289	    0.0006   98.8014		9.9467
290	   23.9113    3.9239		4.1211
291	    1.5999   25.2598		3.6307
292	   86.4488   21.3589		2.6852
293	    0.0155    1.6664		7.6883
294	    0.5973    7.6816		7.4622
295	   18.9869   11.0167		2.7001
296	   32.3235   67.4324		4.9054
297	   43.8450   20.2054		1.4103
298	    7.7995    0.1610		6.8993
299	   97.2875   16.3198		8.0294
300	   39.1801    3.6645		8.7661
301	    0.5978    0.0239		8.0682
302	   20.5681    1.3013		4.9014
303	   27.6795   61.8052		4.1304
304	   25.3475   93.1939		1.4985
305	   47.7521   30.1265		8.375
306	    0.2417   97.2601		1.9544
307	    0.0324   27.6980		1.0547
308	   23.6621    0.2382		3.4754
309	    0.0055   56.4073		9.4849
310	   29.6106   37.6477		7.0683
311	   32.9429   32.3268		4.4709
312	   61.9031    2.8599		8.7125
313	   65.0846    3.0749		7.0734
314	    2.7971   29.9211		6.4729
315	    7.4727   38.3706		4.9548
316	   22.1139    0.5495		9.6516
317	    2.9213    6.7162		8.4062
318	   23.8267    6.8836		1.0945
319	   20.0738    0.2818		2.2746
320	   61.8921   24.0002		5.3453
321	   16.9892    4.3314		6.2256
322	   73.4855   30.0114		3.6369
323	   89.8280    2.2741		4.9498
324	   10.0294   37.1575		4.5844
325	   15.3226    6.8447		2.2357
326	   60.8937    0.0555		9.5749
327	   35.2504   22.7244		4.2404
328	   13.6968   32.4997		8.5328
329	   19.7751   62.8598		1.372
330	   76.1118   45.7786		4.8145
331	   69.0231   79.0552		1.6807
332	   99.8002   39.0362		3.8243
333	   33.8535   44.9029		9.5138
334	   26.1647   43.2826		8.6905
335	   70.5820    3.3446		2.5618
336	   11.0997   21.9319		5.823
337	   96.4480   22.9324		3.654
338	   77.4971    5.0936		9.1258
339	    0.2292   77.3938		1.7325
340	    0.0583   14.0288		8.0873
341	   93.9127   42.6868		2.5697
342	   25.6156   44.2731		7.4799
343	    1.8845   18.0951		3.0881
344	   57.3236    1.8513		2.8642
345	    2.7466   64.2301		2.9452
346	    3.4748   10.7288		9.79
347	   13.7661    0.9637		4.4366
348	   99.5529   64.1349		6.7176
349	   38.4742   49.2405		1.4191
350	    0.9138   25.3492		3.0886
